14239 14213 14603
289961 289769 312952
51563 51527 54171
127278 127234 133867
2457533 2457513 2520861
498452 498383 505967
12481621 12481616 12593420
2480964 2480933 2496595
14239 14233 12633
29017 29017 25617
515200 515195 449195
127278 127216 110316
2457533 2457475 2104475
4980108 4979521 4232521
1249257 1249204 1052404
2480964 2480945 2090445
15194 15192 18792
288764 288494 360494
63005 62995 76095
1445557 1445452 1770452
2880139 2880021 3484021
594197 594132 713832
14755441 14316131 17135131
2987850 2792572 3335072
11822 11809 10413
242988 242958 214997
493884 493862 430865
118695 118622 101837
2552949 2552932 2192892
506897 506895 432442
1234188 1234101 1042241
24778788 24778784 20846222
124893 124893 124893
234485 234485 234485
47675 47675 47675
129513 129513 129513
249677 249677 249677
494005 494005 494005
12239988 12239988 12239988
24528449 24528449 24528449
2476422 25346 5002373
4952662 48057 9804335
9906183 83633 17309227
24764952 180598 37018870
49529989 329173 67234122
99059304 610491 119860753
247647289 1443378 284341964
495294965 2710260 545672186
3157 3128 4164
77713 77356 83770
186705 186200 112350
31071 30946 35845
844899 844644 1053243
203883 203873 145060
604214 577378 729210
16441700 15210636 18480109
5402 5400 2940
128627 127860 202505
401358 401278 517336
546285 545537 777079
113141 113136 47184
336751 336731 147518
2939907 2939865 1488840
4201529 4201481 2003105
54326 53784 17784
16600 16590 6590
330672 330588 132588
287984 287853 62853
1439768 1439520 591520
3822555 3822376 1645376
286589 286478 53078
20849162 20848810 9116810
11790 11782 9382
227844 227361 180361
513048 512984 389984
1212942 1211375 906375
238728 238705 173205
5026818 5025665 3673665
12419670 12419604 8872604
24716718 24716328 17588328
14239 14238 14270
267913 267912 267970
465588 465588 465706
1239764 1239762 1240044
249752 249750 250373
4978758 4978758 4979830
1239443 1239441 1242155
24682410 24682410 24687758
132031 129992 1950
227639 227585 3414
488924 488906 7334
118266 118264 5613
2432289 2432272 36486
4932355 4932342 73989
1241194 1241191 58907
24659051 24658996 369904
