14239 14232 15768
289961 289895 310315
51563 51563 56976
127278 127276 139258
2457533 2457528 2727089
498452 498452 552506
12481621 12481621 13765053
2480964 2480964 2743167
14239 14239 17539
29017 29017 35617
515200 515200 653200
127278 127278 162178
2457533 2456857 3160857
4980108 4975490 6380490
1249257 1248688 1599288
2480964 2480569 3182769
15194 15194 13594
288764 288044 256044
63005 62977 56477
1445557 1444641 1292641
2880139 2880139 2576139
594197 594197 531197
14755441 14751601 13180601
2987850 2987673 2672173
11822 11819 15413
242988 242984 311929
493884 493882 637176
118695 118470 153881
2552949 2552949 3252307
506897 506837 646432
1234188 1234050 1586151
24778788 24775399 31799571
124893 124893 124893
234485 234485 234485
47675 47675 47675
129513 129513 129513
249677 249677 249677
494005 494005 494005
12239988 12239988 12239988
24528449 24528449 24528449
2476422 2401151 18188
4952662 4902157 36240
9906183 9904863 70787
24764952 24712057 182671
49529989 49525065 358910
99059304 99050394 755812
247647289 247621477 1877362
495294965 495245657 3702083
3157 3138 8528
77713 77122 202936
186705 186633 499273
31071 31070 72038
844899 844803 1668728
203883 203845 305117
604214 604158 767310
16441700 16441239 16140699
5402 5376 10935
128627 128488 204582
401358 400876 464260
546285 545769 673917
113141 113141 346319
336751 336742 794108
2939907 2939843 8429240
4201529 4201462 9443473
54326 53918 255918
16600 16592 44492
330672 330392 904392
287984 287728 1946728
1439768 1439138 5244138
3822555 3822364 10500364
286589 286577 2023077
20849162 20849074 50952074
11790 11790 19390
227844 227844 384844
513048 513048 816048
1212942 1212942 1985942
238728 238728 396528
5026818 5026800 8110800
12419670 12419475 20173475
24716718 24714941 40226941
14239 14238 14229
267913 267911 267894
465588 465587 465567
1239764 1239764 1239717
249752 249751 249630
4978758 4978757 4978554
1239443 1239442 1238970
24682410 24682409 24681474
132031 132031 8801622
227639 227639 15175164
488924 488924 32593284
118266 118266 2491974
2432289 2432289 162144403
4932355 4932355 328807041
1241194 1241194 26153107
24659051 24659051 1643853623
